10
5 8 12 
13 6 19 
1 10 

3 9 19 7 
1 2 13 4 
8 12 6 11 
10 14 17 

2 8 7 28 5 
9 23 12 1 17 
11 3 24 20 19 
22 29 4 15 18 
14 25 10 21 

15 24 29 8 6 1 
21 10 26 19 27 2 
23 36 11 4 32 9 
16 35 30 18 38 13 
31 28 17 33 7 37 
3 39 5 12 25 

6 46 7 26 10 53 8 
14 36 27 39 29 20 23 
33 22 21 1 18 35 51 
37 42 2 48 47 30 4 
45 50 43 41 5 13 52 
16 34 38 28 31 12 15 
49 44 9 11 19 17 

366 117 324 59 241 179 253 243 323 385 307 131 84 319 148 391 186 271 273 11 
60 198 21 258 276 58 216 164 353 56 17 272 71 375 48 398 372 77 256 308 
270 220 159 387 129 83 285 278 254 115 224 286 163 317 266 6 371 136 242 238 
40 170 357 252 27 95 261 68 280 394 404 355 360 255 16 350 359 250 30 382 
348 239 79 44 5 247 204 37 205 12 18 94 178 119 328 55 234 294 230 167 
169 325 138 236 36 361 365 162 245 313 330 211 343 2 389 8 173 121 158 3 
13 143 54 152 207 209 298 246 72 315 384 32 321 111 268 196 346 96 114 329 
81 14 193 1 396 203 338 376 390 35 73 146 287 374 41 369 145 165 218 172 
141 74 260 208 113 76 358 189 135 281 347 90 381 214 316 180 181 304 295 125 
34 206 362 300 19 267 292 130 219 397 222 137 85 249 229 184 339 293 334 235 
97 127 161 274 342 4 122 227 25 99 403 284 251 15 26 82 154 380 46 248 
120 108 124 185 106 190 232 275 379 89 132 310 352 393 171 202 39 23 336 183 
192 215 226 201 105 78 240 75 311 199 103 24 265 228 340 86 269 320 225 188 
401 61 109 151 182 104 210 373 65 177 156 57 257 100 302 126 395 9 175 7 
149 29 49 20 221 335 259 102 289 107 174 363 51 349 378 142 28 279 333 66 
194 402 291 87 332 42 93 392 116 400 301 356 305 377 92 22 337 370 367 327 
118 176 312 237 288 63 344 133 155 263 314 91 10 45 282 290 262 217 166 128 
150 153 80 197 200 69 160 345 47 306 322 388 168 244 383 399 147 157 52 223 
368 299 67 139 70 144 326 309 231 62 64 43 191 364 88 212 33 296 140 297 
331 264 53 341 386 110 233 283 134 123 354 112 187 31 351 318 195 277 303 

411 153 297 876 658 322 209 356 790 744 472 183 469 244 157 68 104 866 47 277 225 377 250 488 629 492 616 7 562 261 
215 637 794 728 219 341 646 777 848 306 62 424 203 592 903 724 727 302 191 82 162 650 167 460 73 636 880 795 35 491 
207 325 829 145 90 246 666 401 682 698 807 212 436 581 260 483 520 46 439 899 654 294 221 288 665 21 639 385 220 635 
320 853 618 74 271 417 151 748 568 211 610 787 826 109 72 222 487 850 868 893 292 41 54 783 804 800 898 192 519 660 
862 88 360 607 515 475 634 381 556 311 92 232 58 412 415 580 163 282 822 643 99 388 859 418 502 214 77 466 522 594 
633 249 447 754 477 33 873 752 679 678 186 8 11 732 59 806 817 289 685 117 627 262 664 455 16 585 4 788 763 798 
878 900 386 628 534 613 845 761 224 173 195 684 836 883 668 781 673 350 112 397 344 697 323 504 545 651 178 268 308 518 
295 79 25 775 834 567 765 27 521 445 814 293 316 363 612 402 318 720 427 456 657 201 148 737 226 694 285 103 818 390 
273 435 263 762 36 349 782 833 206 165 583 247 879 395 586 776 304 468 756 392 266 529 584 703 102 143 67 512 146 772 
438 32 138 718 601 312 111 114 486 229 154 723 315 624 683 139 740 591 351 387 182 604 370 739 51 839 707 548 119 17 
767 166 440 675 706 71 234 815 142 716 410 588 383 357 702 196 595 193 813 552 554 116 340 400 141 63 279 31 378 423 
473 869 174 766 130 327 332 95 560 530 555 236 872 245 638 726 83 789 94 210 695 457 65 379 1 76 137 730 524 874 
620 550 465 623 242 314 216 757 688 837 97 18 248 259 602 864 758 128 774 131 796 105 801 558 161 19 299 253 155 877 
517 579 452 564 202 358 359 528 606 715 371 676 348 541 830 690 272 87 430 255 365 855 573 353 303 80 179 802 403 605 
13 420 43 393 324 808 317 352 889 66 571 298 45 2 86 60 29 156 347 106 198 647 771 330 171 745 252 463 736 535 
499 589 101 256 118 233 160 527 531 689 343 743 425 416 69 217 671 144 764 228 187 597 566 125 251 121 300 280 661 645 
674 158 407 489 12 453 537 598 705 28 108 565 372 218 793 653 649 310 680 267 321 150 768 40 190 428 712 336 803 313 
895 270 516 84 686 590 810 6 301 797 56 696 422 398 181 811 710 276 459 368 194 433 96 199 307 821 5 709 523 136 
223 503 278 98 481 832 421 346 539 497 640 133 134 513 887 892 662 547 785 23 15 120 846 81 561 882 132 600 805 319 
180 738 655 429 123 773 858 448 364 621 374 857 338 355 493 291 30 861 617 478 52 867 596 742 851 42 107 563 784 152 
538 126 619 175 569 865 3 835 185 26 843 451 479 91 287 644 461 22 100 426 444 275 432 189 49 747 405 490 9 511 
792 208 546 384 184 681 677 391 110 450 38 722 670 543 380 708 437 778 611 746 495 525 264 188 582 375 799 333 854 791 
408 258 553 819 281 34 498 434 904 641 122 576 593 205 870 760 890 39 847 345 852 823 577 237 50 500 735 127 559 632 
572 711 888 648 231 254 901 354 842 570 10 172 717 240 269 366 305 896 704 510 37 659 406 57 441 667 467 147 442 329 
239 197 334 169 480 446 816 700 159 149 713 24 721 496 454 331 780 860 367 630 501 505 508 719 840 53 894 204 474 241 
476 725 786 828 290 265 243 549 376 779 741 135 838 361 714 284 507 831 574 170 449 78 551 227 458 841 856 881 844 409 
48 168 615 506 342 164 871 509 809 687 656 394 482 257 825 542 609 362 526 396 462 89 20 464 230 369 733 669 691 494 
61 382 902 849 484 770 642 631 749 337 113 755 759 622 176 14 200 124 431 729 283 875 603 731 599 544 699 177 575 328 
672 884 389 470 863 115 339 827 129 235 824 734 897 663 587 557 514 55 373 399 296 692 652 532 85 404 693 140 533 44 
701 309 286 335 326 891 536 485 238 578 213 274 413 614 885 414 540 471 769 751 608 70 443 625 820 419 886 64 626 

1275 649 465 537 340 510 466 1474 637 49 1316 560 1126 1160 383 552 1193 404 810 889 261 174 571 1213 1254 86 1566 913 600 1534 384 686 1135 36 81 834 118 1154 501 1151 
1093 1424 1533 365 1339 21 1318 226 658 1180 231 1132 1570 549 1507 554 712 1231 1493 581 1076 1527 1591 852 1053 806 133 1045 1413 1017 1087 965 374 1001 149 1038 1133 945 82 343 
1204 692 1371 669 23 459 613 821 584 960 262 1357 201 144 418 1334 8 706 509 1115 1539 1273 464 746 826 153 1530 731 882 1067 1450 733 1435 1537 941 339 849 145 1057 883 
1058 1065 893 1259 671 1583 695 645 327 1548 670 940 1101 631 206 1414 959 1420 490 853 323 269 1046 1097 1072 50 897 846 514 757 300 763 324 38 34 590 697 1124 1494 1604 
615 341 1551 564 1416 736 1086 155 3 1440 1042 1109 1024 355 1092 982 411 57 779 699 905 1120 1142 91 1032 1041 479 1309 502 408 1352 200 1393 743 1015 753 995 1528 147 1328 
1350 1497 1297 559 1034 614 1498 646 238 484 70 679 1346 102 653 830 1158 582 321 575 930 288 693 202 1483 984 126 755 822 1391 277 703 1603 909 1021 148 768 1452 1104 1083 
1559 347 711 83 1068 508 690 1470 1538 610 724 1153 310 1023 1305 316 1261 364 1571 714 204 1408 1300 1382 603 1066 775 803 1250 943 1199 516 1077 1335 781 999 1006 1075 1532 229 
1445 1079 1487 120 44 407 619 660 777 485 1415 307 497 203 741 876 515 1451 444 701 1355 632 1161 609 947 742 348 790 162 594 1407 1522 1385 1589 233 197 577 90 639 1232 
1098 1007 1443 18 642 243 1043 230 1176 443 758 1175 885 457 1325 1050 794 326 196 979 1578 273 795 1169 1552 500 1374 1323 1114 368 362 967 1162 22 387 805 1505 460 1240 1073 
1595 1400 1460 123 496 667 899 1286 869 523 1562 948 184 672 1448 27 345 1553 1035 456 1136 491 975 565 59 1484 677 605 165 704 227 606 1048 453 932 122 949 291 1008 548 
1481 550 1399 1061 1396 1469 902 1540 141 1183 5 628 96 1360 140 1377 1471 1370 981 985 1147 589 543 211 1246 595 520 1269 493 156 440 1089 1102 1074 193 194 1052 754 1248 280 
597 352 759 1130 1320 547 1280 239 236 738 62 1482 1078 978 723 843 1547 131 744 555 1555 170 987 51 130 933 283 1513 1260 864 764 842 378 659 857 1223 961 1432 46 813 
996 1236 467 1244 1205 56 925 381 112 397 1217 151 482 622 1430 921 1373 1137 1152 119 32 405 279 163 271 1276 1310 1010 1519 874 721 994 1139 1242 286 394 1207 53 1499 607 
67 1321 894 917 988 1326 1279 334 644 1016 375 1256 1186 207 953 786 1145 534 1529 189 710 1557 872 1163 1564 65 1597 1461 74 986 1412 361 1203 33 250 419 819 1064 1506 1379 
734 1182 1054 311 240 798 528 1576 475 1257 1293 1554 1567 1266 570 601 718 1351 912 442 216 636 732 135 875 769 241 113 1410 881 1044 205 1230 1014 1398 89 94 747 848 1403 
1238 1088 270 108 1144 797 678 1517 1514 47 1299 668 434 1501 1365 778 1063 335 87 281 526 664 1220 1437 492 545 1500 685 10 650 1040 473 175 1381 116 1458 377 100 929 663 
392 192 247 1447 708 1241 17 898 445 1085 1150 527 1225 861 109 39 1317 430 1421 1172 463 627 1214 751 1004 1459 612 84 26 1478 385 183 182 657 305 1018 252 977 1463 1202 
342 253 195 1188 991 1081 1210 296 272 1492 915 186 592 159 1372 1033 1304 1264 820 569 486 264 185 707 1580 1190 1515 725 856 720 360 884 531 1051 1466 429 1198 446 576 750 
1122 455 1226 1112 31 1434 358 634 643 172 997 177 683 1462 969 219 850 1585 1472 1543 727 630 7 285 680 814 1294 1252 780 583 1409 1003 157 1549 462 867 927 517 160 655 
72 399 1473 366 507 748 541 1235 129 623 451 1544 125 1303 934 1302 1356 629 1282 447 28 142 1594 1389 433 835 437 1536 907 320 1026 674 121 1189 855 477 319 860 749 1582 
824 248 740 424 1438 1490 338 633 1140 1384 626 371 1387 793 519 1444 745 267 730 1237 13 161 511 1179 154 353 97 951 423 337 513 705 588 1584 1171 608 891 414 29 1406 
1206 1523 266 611 1221 1228 1071 395 1174 761 903 963 906 1258 676 181 910 1467 1475 529 971 410 1025 1468 1306 166 1270 1418 1208 1082 25 728 1436 228 586 139 1330 104 1446 223 
1560 370 213 187 212 78 68 1363 1419 823 1319 476 222 435 760 295 1031 1080 1106 1262 1119 1601 774 406 859 783 557 483 782 1442 402 472 317 128 1600 593 425 1503 359 413 
1598 427 1125 1348 568 344 314 294 1268 525 873 52 1020 1575 579 1039 417 6 257 1569 391 318 40 1383 518 811 198 596 1395 167 152 178 566 901 80 315 255 599 839 357 
1301 1253 1322 1511 647 379 1110 512 11 1009 1516 1386 1196 574 904 1587 532 1429 696 1510 393 293 620 1521 544 245 845 458 373 598 1574 403 871 431 436 367 950 851 469 179 
1411 866 717 1307 1488 1157 1022 1146 1290 815 973 259 331 188 363 767 772 313 1369 471 836 1168 1056 719 171 232 474 825 24 739 88 919 389 1113 911 833 210 454 854 1388 
448 1480 1495 1263 1332 1209 1285 1249 521 722 802 58 957 63 488 73 499 1491 604 870 1428 1465 1336 420 1535 1222 1464 16 48 1118 1090 955 924 1094 254 1439 840 895 1100 1354 
684 890 827 1002 918 1181 237 542 1561 1219 1563 349 37 495 812 265 346 1227 829 124 1091 818 191 796 1288 681 880 651 776 886 4 573 770 1000 1324 935 105 625 1315 1178 
235 638 263 506 1095 1096 1449 858 877 1573 1592 1105 1272 1274 1531 386 306 578 1218 687 2 292 107 487 585 505 1581 1267 1588 799 1129 284 136 1361 689 1417 900 1337 928 563 
220 561 1111 1394 304 1425 494 138 176 115 439 1327 1479 1586 972 409 489 1427 602 1359 878 336 1233 624 351 1143 449 146 224 396 916 1211 61 468 970 879 1166 1296 1243 1426 
309 1565 9 766 1177 1602 618 816 1060 952 1116 1187 715 1556 587 1313 958 450 328 1138 416 980 1127 208 656 256 1568 709 539 691 1167 562 106 45 801 640 530 1019 1593 1338 
831 1245 382 1185 762 1155 79 771 372 1405 837 702 989 536 1291 1550 868 621 946 926 376 215 452 289 580 1284 190 1239 1271 1343 54 652 299 1545 1368 1364 71 1376 1509 522 
132 654 1453 1212 1295 992 553 244 938 217 1134 1502 480 234 332 1342 369 1333 1255 169 694 804 1524 275 1012 990 1504 1191 1173 1431 1062 1037 726 301 993 1141 998 785 968 1485 
137 888 35 662 841 1401 312 923 287 648 481 865 1197 350 356 303 1312 1599 1402 558 1508 117 461 641 180 225 1366 1454 1121 14 1577 800 572 1525 298 540 863 1353 1457 682 
143 1329 1344 428 390 1029 504 93 249 98 931 282 1192 792 1340 892 1131 64 1164 19 92 1277 920 1165 1030 591 1477 808 983 1055 114 962 567 1148 922 69 1215 1520 789 1070 
1546 1289 103 1441 1526 1375 1103 976 1558 278 246 415 158 503 76 412 1251 937 729 30 20 1 1367 828 268 1455 617 1194 260 41 302 1496 1349 221 401 400 1201 1358 635 1390 
15 556 1596 322 251 1184 60 77 1084 1287 1281 688 1247 1047 954 1347 1298 209 1128 1013 787 380 1011 1397 55 426 422 844 791 1027 1149 862 101 974 127 914 1512 168 1159 1059 
1311 1216 809 675 1283 1099 535 1542 1456 838 765 111 330 1579 75 1590 716 546 1308 398 333 1518 214 939 1123 942 1224 1108 1195 110 1028 242 1170 1572 164 661 438 756 698 1362 
1345 354 956 1314 1200 1433 66 1541 134 1049 421 218 1331 887 551 1476 290 817 1005 297 470 1380 1265 325 1392 85 666 538 308 1069 329 12 43 788 908 966 173 735 388 673 
1423 896 1404 42 1036 258 1486 1378 1156 441 533 807 784 737 832 432 95 99 1422 276 498 964 1107 752 199 847 1278 1341 773 936 274 944 616 1489 478 700 150 1229 713 

212 380 904 773 1997 1700 239 2 332 1339 1512 1691 607 140 841 1344 540 1010 1330 424 1499 1254 1234 627 593 1974 661 100 969 126 446 1893 199 390 879 1519 20 1910 1702 658 451 325 1347 1024 729 
2003 1285 1843 1409 1101 1059 1259 1916 1787 76 2015 646 420 728 1411 1055 1276 1354 1523 1844 712 1878 1994 1428 286 1969 740 789 1086 1756 270 405 46 1329 1611 1393 976 1238 1874 1513 279 1539 654 484 404 
1080 1459 757 1524 2013 218 914 378 441 1696 1811 840 156 1029 614 1992 136 235 1412 787 1407 323 349 206 1990 1558 1704 648 782 730 1876 1898 1145 1827 727 797 1573 953 1443 4 1125 559 394 1634 1918 
1178 180 1201 433 500 1009 944 1227 1206 1604 44 809 356 752 1729 1321 1099 1637 979 1716 295 1681 1833 1018 1708 1359 776 526 471 2010 105 1577 1424 1470 998 1287 1267 1870 1452 1899 1374 2002 1832 823 92 
586 472 790 330 1746 47 1502 959 1423 442 576 261 1868 68 1739 1097 683 1908 1406 2006 1559 696 409 1435 1170 133 1171 1569 634 613 1703 1273 1396 1773 1324 1565 906 1563 687 1602 650 1948 19 137 1204 
1958 1150 638 1237 1308 1542 595 1082 1623 676 1991 859 1031 1383 1431 1860 1536 1450 1751 95 1432 1722 368 1377 149 1869 1658 2029 1467 583 234 217 163 690 1016 456 124 481 711 504 723 1798 788 294 649 
1208 1320 1042 1451 454 1570 1442 1761 1642 1882 815 1557 464 1656 1401 1841 1847 347 1859 633 1371 1196 1357 468 335 324 1107 60 412 861 1951 1291 340 806 486 857 2025 432 172 21 1646 1678 1728 306 1924 
503 642 121 719 1941 1275 1248 1566 362 1156 1640 1514 203 1615 482 1295 462 939 575 202 652 794 290 1546 1417 1884 417 1164 1873 796 168 229 1172 645 912 1348 1127 1564 439 1181 897 1829 1315 1677 1737 
1311 1857 1596 104 704 848 876 1579 1397 308 1510 985 679 659 174 1725 1988 321 1421 1915 980 664 1429 1667 1337 2027 478 1699 367 1975 824 996 972 1594 1026 1959 1771 175 22 1653 582 628 300 187 588 
260 473 1831 54 216 1648 1153 72 1056 15 1011 1689 248 1753 265 73 1074 1612 886 1903 1303 1297 749 416 237 657 940 1555 1515 219 1122 1096 427 705 111 821 400 250 847 197 850 2024 547 1003 1966 
182 1944 1214 1863 517 1473 589 874 1560 942 605 1137 1043 16 66 1647 807 1580 1620 920 139 1001 1438 1801 625 961 1617 249 569 1613 1386 839 710 463 669 1572 1246 903 913 342 1036 960 893 780 277 
1561 1709 665 1233 122 1373 825 931 395 1163 233 254 281 1701 820 350 766 1211 1333 179 548 1495 421 1067 1744 49 688 1711 1387 352 1069 389 1921 1146 1905 1378 597 109 1505 1786 1054 977 759 978 975 
339 592 151 1912 1770 1976 929 39 1489 1785 721 591 1776 127 360 170 610 574 1720 231 27 1394 1166 556 527 1954 181 771 1340 291 703 453 159 1223 1614 737 1058 1466 201 1232 1252 1938 1331 112 57 
1766 1040 287 1265 160 1808 1911 1724 1581 621 507 1781 1313 1468 1136 631 1588 530 1836 1855 331 1850 1182 1474 164 97 1995 161 1118 1247 373 1712 869 1250 1365 1621 1865 877 33 868 499 1060 242 1802 1684 
406 1048 1004 1973 48 192 666 272 345 1422 1084 564 836 810 1963 1249 1582 1807 828 1872 1379 674 438 818 1289 1866 282 581 1215 1804 726 880 760 814 817 1226 1575 1148 764 397 600 1953 1361 1666 1108 
131 509 971 135 51 154 1047 278 228 554 1925 1538 1788 777 1269 61 546 686 1946 319 1606 1769 289 238 207 1509 1888 522 898 770 1754 957 1767 663 604 698 884 1487 55 1516 2007 528 1322 834 1765 
1395 1253 1111 1236 293 1757 259 505 1531 905 382 1669 1952 173 1652 419 185 354 656 1659 1464 785 1971 846 1928 1794 452 1006 74 1852 195 746 863 713 1601 1914 1071 1103 1372 1457 1364 1033 1061 1890 955 
1241 1838 1266 744 1342 157 783 445 606 641 1222 313 437 1567 1962 852 1444 1034 1013 1124 545 637 23 1168 892 1867 312 388 572 1351 2012 1367 1197 1732 365 1335 1880 1548 1815 257 190 1336 1592 689 1730 
1202 640 336 1161 1388 1012 1115 516 603 1427 449 1622 1525 1160 1391 327 1014 1426 284 1051 1981 1792 1370 1199 1896 973 1864 647 733 1220 1816 1278 107 1726 483 1521 1626 1589 1381 662 1772 763 1415 1932 1849 
480 440 1506 1221 1257 512 925 1758 761 981 326 1965 871 1747 1599 1927 1823 2021 78 990 1272 298 1280 469 1670 1485 1469 949 1968 1304 612 1065 213 819 997 1933 1861 838 224 1319 795 1635 946 1445 1455 
2020 488 1173 1307 660 1292 1132 927 1363 672 854 288 1731 292 751 1177 1189 1093 1889 470 1140 1571 387 739 476 52 1937 1894 130 2026 457 864 552 537 491 936 1625 90 768 225 398 18 1240 1128 1176 
1663 1288 1328 1674 1671 826 617 983 1818 590 1492 963 584 1877 1919 1174 1142 791 1245 1735 602 1112 1212 1045 1826 1213 1682 716 890 196 1551 1690 435 802 598 31 1441 494 1349 258 1448 1447 150 403 616 
69 77 1458 907 1362 1360 1184 835 1533 1745 408 629 1408 1676 1007 460 26 361 1053 2001 364 725 951 1346 1044 423 873 1478 1195 1936 801 475 831 870 299 750 533 1375 1414 337 1687 753 1264 1030 1355 
1050 549 639 14 422 485 1710 1749 375 515 1532 1929 415 487 222 374 167 12 1608 1688 1633 1430 1049 992 1155 667 653 1848 1782 1503 965 2023 579 1282 147 1159 1501 1980 1595 1554 490 1901 1366 865 1665 
881 53 333 220 1742 24 1296 853 9 599 1390 1673 303 1192 193 1081 601 673 1813 1645 448 2016 804 273 1314 134 1312 1591 316 240 866 2018 567 1632 1021 822 724 984 1741 1799 535 1649 94 1271 1578 
1488 353 334 311 1263 101 1343 1993 1274 1842 1922 1819 677 756 1717 1892 856 255 1979 1277 1609 1650 1895 148 1167 1334 938 1437 296 1019 1706 1956 428 798 956 1854 1471 113 1224 1683 671 692 1693 1402 285 
42 922 1284 410 1290 1543 63 1015 1403 223 531 1806 116 1845 1641 1244 1216 1094 184 62 651 1327 280 1461 98 43 514 1179 743 1281 772 999 1475 1762 1858 1144 1139 1418 1120 1803 357 1984 1198 1130 1643 
1585 1943 64 431 1777 1205 827 1038 1574 626 343 609 715 108 1707 1930 314 103 915 630 1904 1661 900 443 1755 1085 1436 619 1480 1996 1077 1714 551 655 1239 1066 450 1338 351 34 1750 413 1283 194 1057 
1504 1203 1169 1814 1638 1784 274 524 558 247 434 459 1627 1576 83 1143 1020 1942 2022 1260 1824 557 1778 391 1484 1902 1698 1885 1562 722 896 129 1306 774 908 226 1603 418 1376 894 1738 75 1605 38 708 
186 1544 1805 58 106 508 1851 987 119 1662 968 1628 1999 208 699 769 243 1138 989 283 1986 271 138 141 1158 1385 236 1262 1498 1209 1879 56 899 1243 29 232 1862 132 479 1856 1540 1382 1552 1439 784 
553 805 1950 1318 684 1305 114 694 1413 266 872 6 1023 1629 210 755 1486 1517 359 1655 974 843 943 1496 1109 754 1191 1294 867 1906 1715 580 379 536 542 1797 596 565 578 2014 35 1255 1072 738 492 
198 1810 59 252 1200 1553 1764 1017 1686 1967 765 302 1644 71 1972 346 1076 882 1607 935 691 1075 322 1529 1113 1002 1983 501 162 1162 681 1481 1114 720 1117 251 466 506 1188 1258 1987 1091 227 620 402 
1299 320 81 1135 152 563 458 37 933 735 1453 1960 1310 1947 1217 498 1660 895 1883 370 1183 304 994 1268 1672 717 923 534 1675 169 924 762 1600 1345 67 986 276 189 803 680 1210 1695 467 1955 682 
1527 982 1063 1332 934 911 188 429 1256 1568 8 315 305 1926 28 510 1121 176 812 102 1235 3 1631 1970 1917 1624 1446 297 1630 318 1748 1940 1460 1556 1405 143 89 1341 1104 635 372 425 142 1507 1316 
1931 1989 1027 786 700 269 811 2009 1705 1982 736 1165 40 937 317 560 1541 970 1410 958 623 444 1187 1279 1 1154 701 1584 714 430 842 1090 1323 1871 1491 1399 82 358 1721 1242 1302 1526 1317 392 1087 
1550 426 2028 932 1472 45 945 747 1768 70 1064 1062 153 262 1416 916 144 573 1147 1835 1028 800 1477 1837 829 1547 1425 1207 742 1590 570 1300 123 519 2011 1078 1270 1619 369 1891 128 301 1789 215 622 
1583 594 10 1449 693 1326 568 263 86 779 919 363 1522 32 393 837 539 1817 1743 1141 65 1763 1961 1535 529 518 1151 245 1454 1957 1733 1133 371 1887 84 1793 1800 1404 561 954 1493 166 1353 1301 1083 
1293 1913 813 917 1528 1286 414 267 96 1419 1790 833 211 256 80 200 967 1636 697 678 328 1389 775 85 1261 1079 1500 778 1123 1358 538 1392 489 447 1352 1231 2019 792 2005 1685 496 855 585 1834 947 
1041 1073 171 1939 523 1949 1639 643 87 1298 781 502 2017 1734 1840 1483 532 948 734 1694 1719 177 1820 1032 1068 520 355 401 5 571 808 1433 718 183 205 1775 1886 732 214 1116 377 1697 964 962 1398 
253 1175 511 909 695 13 204 706 1465 1149 2004 268 521 1830 1598 1035 1736 1088 685 1597 1759 407 7 474 246 587 1456 455 436 1740 930 1998 1727 1779 1440 497 541 1185 883 1812 799 1520 577 1977 1022 
396 1909 110 493 221 1760 461 309 1476 1463 1518 860 1350 1680 1511 465 858 921 632 995 993 1230 1651 1587 17 1679 1822 845 543 910 513 731 544 1380 2000 241 125 950 1664 1853 1000 891 878 99 1490 
707 1193 1593 928 901 307 158 941 1923 145 1037 1964 887 36 25 618 1900 1796 338 1780 1791 386 1218 1530 1718 988 702 1907 1356 611 477 118 1978 1752 1920 120 1985 1821 745 644 888 1129 1046 1251 668 
1497 384 1225 889 155 793 1228 1795 562 1668 1654 1825 30 566 93 1092 1325 495 816 1897 1134 952 376 862 1839 1549 1420 966 275 366 91 918 1618 1508 1616 1494 1039 1479 555 1095 1229 348 178 115 209 
1005 1070 851 832 1774 1368 902 79 1180 926 385 117 1157 1186 1110 844 1152 1935 1945 615 525 758 1809 88 230 381 399 1309 748 1713 165 991 1881 341 1008 1400 1219 1106 1052 329 310 1537 1692 50 670 
1875 1545 411 767 885 1846 244 608 1126 1025 146 383 344 1534 1482 1119 636 1131 1723 675 1089 1657 191 1462 1434 624 1586 875 741 1102 1610 1190 1384 849 2008 1098 550 1828 1369 1194 41 709 1934 1100 

2324 880 1727 439 74 2423 869 2145 815 2378 923 1436 1121 565 998 1991 700 1383 2396 707 1233 1352 1615 605 930 1219 381 1907 71 2281 174 99 2485 783 1607 1549 1723 870 2194 1043 2298 423 1867 1779 1401 601 664 1580 2327 2411 
1222 532 2143 926 554 415 274 2071 1404 339 1210 1642 1662 1987 431 594 477 1493 746 1590 585 2072 586 2329 541 1148 1671 1127 115 316 2352 72 609 104 2157 1518 416 596 1605 901 941 1847 2223 402 2233 2376 459 1739 1516 246 
1437 704 2248 2415 949 2473 1258 201 1036 553 793 78 2487 602 1742 771 2087 85 1209 1296 1833 191 1232 2208 2108 1382 1346 928 1038 1915 2433 2150 2260 1664 204 1500 371 2056 830 764 1745 1021 288 1837 2105 997 1608 1794 1743 966 
1212 1364 2164 103 1879 2466 1509 1452 193 1045 2449 2482 334 1119 1808 2111 480 2343 1976 1540 357 1253 432 2240 989 24 471 263 2457 2074 1753 874 1970 1997 1818 1859 2132 2477 2412 2446 549 824 207 473 785 1179 1791 2057 20 1347 
1357 1079 1498 841 1568 1702 1916 1884 1589 1481 1054 2079 1771 1387 1543 1033 1368 1161 73 2303 2197 1962 2294 272 176 2205 959 2400 137 2416 644 518 1732 1133 537 175 1639 359 1692 134 1485 149 1107 1782 172 145 1489 1848 904 1378 
624 77 2092 1240 1788 1356 205 1257 686 222 2313 2249 1815 1152 1877 657 860 1114 1851 1945 1256 1430 18 2038 244 1214 353 189 171 2419 1327 1377 2420 2270 717 2468 1349 773 355 1375 2053 1651 376 300 862 2158 420 962 1627 1678 
2217 1598 178 1990 97 2101 1274 390 1736 831 851 729 622 1756 497 1030 1074 387 1841 345 1838 1507 964 2147 1226 844 2290 31 1958 1909 212 1660 530 2058 956 60 155 2355 2047 2362 1106 2271 257 1177 1398 620 1067 215 485 557 
214 2279 2250 2246 1129 2463 1285 1050 301 268 1476 188 304 1087 1468 2368 370 730 179 2081 392 1104 1335 517 2020 1482 2003 1960 2489 2144 2221 1470 1139 84 1854 1123 1276 2083 1313 995 1785 720 1649 2004 417 1220 756 891 403 1042 
79 1669 743 2041 1941 2114 2206 1654 231 1581 405 128 769 88 702 574 1197 254 235 1947 1311 593 527 1266 262 39 1115 1887 1162 744 1883 2138 2417 670 1586 2176 227 905 1658 1278 203 2398 847 1182 142 2452 2305 1204 350 592 
826 848 1564 317 737 2255 1196 412 797 55 619 2397 1010 93 981 522 1525 1014 1629 947 740 2084 2014 2005 548 1806 1798 1393 330 427 988 213 677 597 2304 2039 1293 1628 1601 233 559 2293 564 2370 1027 2094 1857 1055 506 2096 
633 21 706 2448 816 1799 14 1041 1215 280 315 582 950 2268 701 2306 922 2231 1531 414 2229 2441 2028 1922 2356 259 1726 540 1178 2077 2199 921 131 1159 568 1187 1171 143 2049 2265 610 770 11 313 561 2486 167 615 883 1825 
1416 239 2023 2022 1044 681 1312 812 451 1421 1934 463 1261 2202 2075 1345 1939 2338 1339 833 916 1448 2025 1595 924 1777 2476 1894 319 1728 1770 267 711 2129 810 2443 1406 2459 2328 2060 1111 2000 1637 1410 1853 1330 237 7 1691 2375 
318 857 302 2227 1492 2192 421 1927 1034 1609 1255 225 637 41 536 1558 1751 1102 2167 25 575 1251 105 1647 1828 2377 943 1170 1447 314 1449 1594 1390 1789 1911 1925 1103 2322 1562 1092 1262 266 1462 780 753 654 67 1904 2365 320 
1548 450 2491 2102 2439 2455 658 1224 1023 2242 2040 2277 1026 121 838 760 1093 1292 1342 1885 936 974 220 2032 2088 385 2187 1673 539 1100 1950 566 1983 685 2347 1996 245 1348 1994 152 1573 1747 394 1822 346 2070 309 792 19 1228 
1459 496 895 876 447 1132 806 641 2432 1940 1874 2013 2454 1623 1821 2204 509 1308 1344 151 2172 2359 1676 902 1011 469 787 1670 50 2429 331 2332 573 197 36 723 1552 2127 861 781 1193 632 886 505 226 2019 1016 533 890 1158 
555 130 429 1289 2318 1588 1151 1060 562 2177 1699 2413 1626 542 252 1918 898 827 1321 1657 164 2207 1612 2080 1305 285 1365 1183 269 724 2212 913 1388 1324 968 2180 1225 1711 1831 1768 1245 422 2310 2258 503 888 368 47 101 1656 
343 2027 1399 1716 1000 2319 2311 109 332 850 150 1217 1118 520 551 545 1001 1234 1834 2128 1814 1936 798 1303 375 2490 925 2282 1169 2166 45 1445 34 1444 2302 1048 377 977 951 373 30 2387 504 1506 2168 775 772 2425 54 1901 
697 2331 595 2262 43 238 2161 2297 1279 1301 1097 678 714 1546 2119 1003 1366 2399 1328 170 872 2470 985 299 1855 2232 491 65 873 2266 298 969 336 1856 978 1898 1973 1903 1641 799 687 40 1905 1686 911 1687 2169 1247 879 1286 
264 382 1076 999 434 2453 1775 1977 2380 2434 1778 821 2323 909 185 1860 147 675 1085 939 1680 2163 843 2181 1418 2068 1630 396 2479 1205 342 638 1972 441 1620 1275 2307 1440 1369 1943 2115 779 1805 871 68 621 1408 361 626 1951 
1248 2499 1211 639 655 1759 1914 719 1931 1486 379 180 48 1218 2253 887 660 87 1646 62 2165 927 1645 1971 1993 119 356 953 782 107 2503 1086 623 738 1239 1551 1597 2309 2464 1910 123 159 640 1606 127 1880 2121 1710 1508 1571 
321 2153 1804 808 1949 1707 2475 662 1553 1769 1424 2374 1146 2116 581 1049 1521 493 2245 1953 248 2467 1320 2274 1995 2284 1428 1058 112 556 1078 1173 790 606 308 1697 2225 2173 1906 1886 113 745 1892 587 380 2373 443 739 2036 2030 
608 2402 2263 2403 1099 1613 1712 1725 1746 1569 1252 1526 247 92 1504 1082 1944 1701 1035 1265 919 2090 957 1556 1271 1690 1143 2504 1202 1047 803 1930 590 2120 669 418 2086 1350 440 1150 465 757 973 1166 1572 1207 424 1655 2131 863 
708 776 2203 1890 46 688 1469 2424 2006 1878 1184 59 742 671 1499 1685 1761 82 2210 1314 1708 1491 893 917 2200 1864 1576 1512 679 736 1130 1677 2381 1632 58 600 1411 2369 802 631 1600 747 2264 1714 1889 114 521 2315 1272 583 
2360 1715 498 437 490 1412 158 1090 404 643 1924 795 907 1760 1862 153 352 1236 2228 2219 1899 2117 2012 750 1405 1310 889 1040 1730 1622 1358 2388 265 217 579 2469 1136 996 1460 634 1938 1355 1937 1254 1567 1706 1790 2097 1195 1731 
1772 296 156 1681 1199 1156 805 1028 1295 965 2215 649 312 17 1536 358 2385 1372 1263 1505 1367 1809 348 15 395 449 1932 2300 878 1213 1052 1913 2186 2159 122 535 960 2364 2198 276 281 1634 683 1260 2280 323 161 2342 1780 1985 
2230 1487 1668 27 2107 1694 896 8 1065 144 2261 136 751 2272 980 809 2010 912 982 2109 512 2421 762 611 1703 462 1291 1238 61 1544 1524 1435 2029 467 1341 445 1373 1705 1956 1583 1154 1112 283 1695 937 897 1315 1395 903 1015 
2191 367 2076 1153 2046 1167 2239 526 1316 363 325 1380 1497 1684 384 1813 1250 2407 849 1865 1619 1081 1523 1846 1386 37 1017 206 1823 2123 2321 2043 476 1189 2440 2179 1604 2002 2383 1325 1376 946 1088 452 1322 2148 1875 715 1895 1439 
1529 275 1666 1718 2386 1309 2051 1427 1693 984 1465 160 132 1566 1832 293 1744 882 819 784 289 2171 89 1443 2462 1618 2 2273 1429 1959 1989 839 80 1767 2444 1268 885 1795 2447 1475 2372 2371 630 1037 1510 894 1458 12 945 2149 
892 2098 1192 282 1094 1717 1992 865 1280 26 1397 2481 1409 1550 1389 2188 529 1975 1466 1 884 1306 120 1633 807 663 1820 1829 278 393 63 419 2100 1942 627 2498 2484 1764 788 570 1062 2110 436 1235 705 1827 2095 1483 1719 1474 
778 2141 514 444 1881 2155 211 948 642 38 881 173 852 154 955 1068 83 2384 2354 351 1186 106 2073 1982 183 1304 2292 1653 846 1845 57 1025 1792 96 1603 961 2018 817 1974 560 1463 2137 1614 2126 1596 1004 652 1999 2026 2275 
126 513 1361 859 569 1332 1661 270 1858 360 1929 76 1928 1147 766 1362 1051 668 853 910 1070 726 279 1138 1762 963 2438 1122 383 1533 710 1839 1541 636 1334 1902 2325 157 2460 23 854 576 1585 116 599 1584 1080 741 674 659 
489 546 1582 1557 250 971 2160 727 2326 1528 1729 1980 1384 1089 2379 691 1417 731 718 466 2178 915 86 481 277 1575 1300 2211 2055 202 794 1131 725 177 2214 1091 1425 1967 1108 1517 954 2289 1763 1963 241 502 1333 1450 374 501 
1194 494 842 2430 1495 646 258 2007 1101 2133 1473 1535 2393 616 2410 2182 538 306 914 577 992 1683 828 1969 2497 2340 1407 1117 2064 232 186 2501 165 2456 284 1249 2238 934 66 140 1696 1363 1461 2474 1135 544 1241 1190 81 2494 
818 2357 1181 195 1125 2193 613 1961 221 2235 1431 110 2034 1560 2344 354 2247 2394 260 13 1073 2112 196 1072 524 899 1120 2478 162 1423 322 994 435 694 699 1061 2091 1175 1396 2442 1039 1323 2139 1826 1824 682 218 2405 1574 666 
1819 1467 2067 1502 125 388 1432 70 759 836 804 1176 673 952 251 1547 347 856 2418 1563 224 2436 2135 1749 1534 1817 1419 733 324 1456 1046 1748 448 138 461 2401 1290 777 2431 2337 1520 407 986 1208 464 69 90 2069 1340 398 
1610 372 199 672 187 1852 1513 1032 32 1488 1343 1843 1635 825 900 362 1164 1109 1587 696 712 1946 1283 1063 858 1029 2099 297 242 9 1561 1142 129 75 618 684 2257 648 1329 446 507 1434 1227 1288 698 1110 1168 650 2220 1105 
2016 1652 822 2341 1741 1920 124 791 33 1007 1083 234 2189 2283 2480 236 1294 1149 987 1952 341 472 1870 2471 291 713 1494 1064 1471 667 51 1888 767 1648 1246 338 484 690 98 2492 2392 2363 181 340 1624 1868 1721 2252 458 1394 
2450 2316 2113 1786 305 716 519 400 1621 1477 2427 558 240 1514 1784 1318 2146 1774 1735 2269 1277 647 1371 1636 908 990 1096 460 1464 327 2042 2465 286 386 2185 547 499 531 1185 2348 1084 2136 801 108 864 571 1331 117 56 10 
2195 1738 2152 1593 208 100 1264 1302 1538 2395 1360 761 1354 612 754 1005 349 2404 975 2237 1338 1869 1724 1018 2033 1978 22 1897 409 1160 1926 656 2125 749 958 482 1191 653 1591 1842 578 680 2502 1611 425 752 1124 2184 665 333 
635 550 2435 4 2389 835 695 1077 209 1674 135 1765 2122 1446 1269 983 906 2493 1433 1752 2483 1650 2196 229 1882 2351 1830 216 53 475 2082 2349 1700 1964 479 102 1773 1643 1873 2285 2414 967 1414 2333 1155 820 2299 589 1374 942 
1720 2001 2209 1986 918 2093 1422 426 2330 365 184 1206 94 1299 1400 1231 2408 1230 1022 703 1532 488 2308 2218 1519 5 35 166 511 2267 2035 1441 1144 1013 1188 1998 2226 2236 1381 2345 933 534 1737 855 1631 832 335 1201 1113 2278 
2224 748 523 875 2314 572 991 2254 1781 920 1675 287 1919 1351 1317 307 728 800 2437 1542 133 2130 1800 603 2350 2063 2335 326 1665 2286 1140 2142 1024 528 1811 1031 2140 1359 625 1484 2009 311 408 366 468 1663 1098 1006 1893 406 
2295 454 91 2213 2050 303 692 194 2358 230 604 1298 1559 253 938 840 163 1966 457 1223 1801 1480 563 141 2312 1479 1267 598 95 1537 1968 2134 763 1709 1511 1849 709 1066 1337 2361 3 310 2353 1134 1438 2241 2428 410 1644 588 
1336 1750 1163 16 433 645 329 1145 1577 411 111 2500 478 1754 814 2104 1835 169 1391 255 1757 428 2124 1012 1243 1921 1578 1863 1783 1442 1270 867 1957 2008 1988 1326 1667 2045 516 1812 1281 495 2021 1392 1415 1850 413 389 607 2054 
1385 2011 1638 617 1008 2170 2174 796 935 1602 1554 430 2201 2391 1530 2024 2276 584 2244 1617 294 486 2291 1565 1229 2044 1954 1981 1579 1766 2296 1455 399 2422 1965 2461 940 1057 2336 290 1840 273 2382 1071 2216 1570 1722 328 2222 1640 
192 453 2089 1451 261 1836 834 1688 580 1912 2065 1796 689 1816 2334 1810 1896 651 1891 1776 1237 1803 228 813 2346 28 1733 1056 1704 2495 2062 1126 932 1379 789 64 1871 1287 2151 755 2287 1095 1866 2059 1955 456 1555 2317 1284 2118 
735 1020 1307 2234 369 1592 1242 1984 2366 1216 483 2496 661 1403 979 29 1221 1917 1009 2085 219 591 487 845 1478 1807 2409 1002 168 1713 1539 2017 344 1069 1019 271 1802 508 1319 44 1259 378 515 976 1137 693 1689 2301 2406 295 
1935 200 1059 1682 2031 148 1453 768 256 2458 1174 734 243 2175 2183 1503 2037 1979 182 1876 1426 470 837 1698 249 1522 2103 2390 146 492 1200 52 2288 6 1861 765 972 223 1616 2106 1496 614 2154 1679 1793 629 1755 364 2488 1515 
2052 970 2472 1948 1734 1501 1172 866 868 721 1659 567 552 1116 42 1933 1545 1787 49 2243 931 118 1053 1198 1370 929 1297 1844 525 1472 139 391 2339 722 2162 1527 823 1900 1402 2078 1740 1797 210 628 2367 1625 397 993 2451 337 
2048 732 442 2320 198 292 1758 1923 811 1244 1599 1457 455 2066 1203 1353 190 1908 786 438 1273 1180 2156 401 1872 2256 1490 1672 474 500 1075 1165 1454 944 1128 774 758 1413 543 676 2445 829 2061 510 2190 2015 2251 2259 1420 
