5
12 16 3 19 6 
10 11 25 1 7 
21 13 2 23 29 
4 27 15 9 22 
28 8 17 14 

27 12 24 9 19 7 
18 1 25 30 10 34 
33 22 3 6 23 8 
32 38 37 13 11 28 
31 5 26 36 29 15 
14 17 21 35 39 

50 48 51 27 13 1 14 
43 16 35 3 23 53 12 
10 47 5 41 9 20 21 
15 37 34 39 42 26 2 
22 4 28 7 32 40 44 
30 49 24 38 31 36 19 
17 46 18 45 25 52 

49 68 38 17 24 3 12 42 
29 43 53 60 64 67 31 52 
28 22 11 5 47 16 6 40 
4 33 41 58 20 54 65 23 
39 18 46 59 9 30 1 8 
36 27 55 2 15 35 56 14 
25 61 62 50 19 44 32 7 
21 66 26 63 57 51 10 

39 58 71 17 9 53 46 51 44 
49 37 21 32 26 42 36 69 72 
64 47 22 67 82 41 19 68 65 
54 61 45 3 73 57 13 35 1 
48 25 59 24 23 77 12 50 76 
20 63 56 11 15 52 83 18 55 
6 84 66 34 30 79 81 85 14 
31 33 28 29 78 40 2 43 70 
60 10 74 75 5 8 4 16 
