5
53 56 27 23 5 79 11 34 99 49 
32 63 84 59 71 100 94 91 62 64 
36 9 86 46 33 6 103 83 39 98 
47 13 72 42 54 78 69 89 2 60 
19 48 101 74 26 52 55 102 18 38 
51 77 57 68 40 67 8 28 10 22 
93 16 58 85 87 43 37 82 21 31 
70 75 3 4 80 17 66 104 15 30 
65 92 97 29 25 73 95 90 44 50 
61 81 88 7 45 12 76 41 35 
row = 54600061694704735026124960460565345867294696077212312185126469741158213196206920963065210827879989191976433366771695616000000000000000000000
column = 54600061694704735026124960460565345867294696077212312185126469741158213196206920963065210827879989191976433366771695616000000000000000000000
reverse row = 54600061694704735026124960460565345867294696077212312185126469741158213196206920963065210827879989191976433366771695616000000000000000000000
reverse column = 54600061694704735026124960460565345867294696077212312185126469741158213196206920963065210827879989191976433366771695616000000000000000000000
(total for row & column, including reverse, in this configuration)
2 = 3
3 = 0
4 = 0
(total for row & column, including reverse, for all valid turns)
2 = 1609497255007290829385891222988099806854936694495602237077404114507092231588046740846019970365956363600903807061720375101070738970378240000000000000000000000
3 = 13944975120155294529664993048482110631886378467334127739538816083138877637141444672826889412032304532185939982219336437045907916062720000000000000000000000
4 = 119745110635667174972055746736183676489850675574640586299908408621747935904197798623513504231467840439585567689730114832406014853120000000000000000000000


49 12 21 11 80 56 101 47 54 79 
31 90 85 42 22 61 96 51 24 77 
30 53 6 57 4 8 65 92 36 26 
9 39 75 13 100 50 38 45 25 23 
78 59 32 20 1 87 76 41 84 91 
62 102 17 43 44 86 99 55 82 74 
104 10 83 27 52 18 67 73 34 40 
95 103 72 71 14 48 66 94 81 15 
64 97 69 2 29 16 28 37 68 60 
58 35 88 3 98 5 89 46 19 
row = 44645764732676932994151158145305813423461377336604897446613616754334811062476679590207063547695065992350797895822842265600000000000000000000
column = 44645764732676932994151158145305813423461377336604897446613616754334811062476679590207063547695065992350797895822842265600000000000000000000
reverse row = 44645764732676932994151158145305813423461377336604897446613616754334811062476679590207063547695065992350797895822842265600000000000000000000
reverse column = 44645764732676932994151158145305813423461377336604897446613616754334811062476679590207063547695065992350797895822842265600000000000000000000
(total for row & column, including reverse, in this configuration)
2 = 6
3 = 0
4 = 0
(total for row & column, including reverse, for all valid turns)
2 = 1592374943783809012051998763169077468484139495617989447321261517544250824869024967007232523872701508668979298475957392387229560896225280000000000000000000000
3 = 13631604892736074427874768485594872190720392434360327116178393249809914094733771758830779537604612295507604252281823258685325715701760000000000000000000000
4 = 115468499541536204437339470067034259472356008589831993932054536885256938193333591529816593366058274709600368843668325016962942894080000000000000000000000


102 36 101 20 27 91 59 31 23 14 
85 1 2 18 48 54 46 72 25 11 
10 40 24 60 100 66 34 5 58 42 
17 74 45 69 6 21 53 87 4 32 
94 3 71 26 56 12 88 103 67 19 
84 49 44 73 39 81 68 92 16 52 
77 38 76 64 7 80 75 99 104 8 
35 97 13 29 51 9 37 83 62 61 
78 79 33 89 43 82 22 15 47 95 
93 63 55 65 30 90 70 86 41 
row = 50440056994155802833658296806427033801215100185615183637688262522784254095543536508736432860041513824968705110255756902400000000000000000000
column = 50440056994155802833658296806427033801215100185615183637688262522784254095543536508736432860041513824968705110255756902400000000000000000000
reverse row = 50440056994155802833658296806427033801215100185615183637688262522784254095543536508736432860041513824968705110255756902400000000000000000000
reverse column = 50440056994155802833658296806427033801215100185615183637688262522784254095543536508736432860041513824968705110255756902400000000000000000000
(total for row & column, including reverse, in this configuration)
2 = 4
3 = 0
4 = 0
(total for row & column, including reverse, for all valid turns)
2 = 1592374943783809012051998763169077468484139495617989447321261517544250824869024967007232523872701508668979298475957392387229560896225280000000000000000000000
3 = 13788290006445684478769880767038491411303385450847227427858604666474395865937608215828834474818458413846772117250579847865616815882240000000000000000000000
4 = 118319573604290184793816987846467204150685786579704388843957118042917603333909729592281200609664651862923834741042851560591657533440000000000000000000000


67 13 55 66 5 17 16 2 23 11 
18 64 40 47 56 31 7 62 43 72 
73 85 10 83 54 87 57 96 8 94 
63 61 78 21 97 19 46 41 25 69 
52 79 35 14 51 58 59 20 99 68 
4 81 33 89 102 48 80 36 30 86 
15 100 9 38 49 29 42 82 65 90 
91 22 1 92 32 75 70 3 28 104 
76 88 77 103 60 12 44 93 34 39 
26 37 74 6 50 45 98 84 95 
row = 50365771195931714758792820669745992514320821687550949199341151679599004825888833214909133253472969621986424248532257996800000000000000000000
column = 50365771195931714758792820669745992514320821687550949199341151679599004825888833214909133253472969621986424248532257996800000000000000000000
reverse row = 50365771195931714758792820669745992514320821687550949199341151679599004825888833214909133253472969621986424248532257996800000000000000000000
reverse column = 50365771195931714758792820669745992514320821687550949199341151679599004825888833214909133253472969621986424248532257996800000000000000000000
(total for row & column, including reverse, in this configuration)
2 = 3
3 = 0
4 = 0
(total for row & column, including reverse, for all valid turns)
2 = 1592374943783809012051998763169077468484139495617989447321261517544250824869024967007232523872701508668979298475957392387229560896225280000000000000000000000
3 = 13631604892736074427874768485594872190720392434360327116178393249809914094733771758830779537604612295507604252281823258685325715701760000000000000000000000
4 = 116894036572913194615578228956750731811520897584768191388005827464087270763621660561048896987861463286262101792355588288777300213760000000000000000000000


103 85 58 40 11 44 64 76 24 89 
33 74 86 101 8 48 4 99 14 55 
66 9 92 21 49 25 90 84 54 65 
78 68 6 69 47 94 104 30 96 35 
20 79 31 26 32 52 5 29 97 70 
57 45 56 41 98 27 39 50 22 83 
93 100 87 7 60 36 12 16 62 73 
28 82 3 95 17 72 102 63 88 1 
61 23 81 38 13 43 18 77 75 34 
42 10 37 15 53 71 2 51 19 
row = 42120047593057938448724969498150409669055908402420926542811848086036335894216767600078876924364563090953248597223879475200000000000000000000
column = 42120047593057938448724969498150409669055908402420926542811848086036335894216767600078876924364563090953248597223879475200000000000000000000
reverse row = 42120047593057938448724969498150409669055908402420926542811848086036335894216767600078876924364563090953248597223879475200000000000000000000
reverse column = 42120047593057938448724969498150409669055908402420926542811848086036335894216767600078876924364563090953248597223879475200000000000000000000
(total for row & column, including reverse, in this configuration)
2 = 2
3 = 0
4 = 0
(total for row & column, including reverse, for all valid turns)
2 = 1592374943783809012051998763169077468484139495617989447321261517544250824869024967007232523872701508668979298475957392387229560896225280000000000000000000000
3 = 13631604892736074427874768485594872190720392434360327116178393249809914094733771758830779537604612295507604252281823258685325715701760000000000000000000000
4 = 115468499541536204437339470067034259472356008589831993932054536885256938193333591529816593366058274709600368843668325016962942894080000000000000000000000

